Gene,Total,Ring,Tro,Sch,Gam,Ook
PBANKA_000010,15.21046633,0.226442104,0.301334943,0.114084273,0.25363555,0.10450313
PBANKA_000020,545.4297833,0.658128344,0.184467833,0.0726858,0.064289944,0.02042808
PBANKA_000030,42.00282883,0.181835729,0.13458534,0.041242591,0.596818136,0.045518204
PBANKA_000040,58.9225105,0.100472637,0.201294291,0.603754825,0.005681793,0.088796454
PBANKA_000050,28.848622,0.213388875,0.188219389,0.053491186,0.498704929,0.046195621
PBANKA_000060,12.7352415,0.4762446,0.385666028,0.020736356,0.088105907,0.029247109
PBANKA_000070,11.4387335,0.390864994,0.268566446,0.147261932,0.093606954,0.099699674
PBANKA_000080,12.75505702,0.390738618,0.328509704,0.145532866,0.072430096,0.062788717
PBANKA_000090,24.96480983,0.126254116,0.165788165,0.062748926,0.641586041,0.003622753
PBANKA_000100,3.69168635,0.46230902,0.345212155,0.133345294,0.035082978,0.024050553
PBANKA_000110,26.387853,0.465218788,0.231236698,0.100440911,0.086348935,0.116754667
PBANKA_000120,25.223495,0.170958664,0.223223031,0.03958698,0.0025772,0.563654125
PBANKA_000130,9.323058667,0.084758128,0.153837925,0.672255772,0.048616877,0.040531298
PBANKA_000140,59.08079133,0.541323149,0.393715952,0.034098485,0.013130824,0.017731589
PBANKA_000150,2247.6455,0.108575173,0.308279041,0,0.583145785,0
PBANKA_000160,139.4616417,0.156348045,0.101862418,0.677463702,0.01124094,0.053084895
PBANKA_000165,107.3994,0.222433272,0.041151999,0.736414729,0,0
PBANKA_000170,10.55090083,0.598726128,0.17219051,0.032465332,0.151361009,0.04525702
PBANKA_000180,14.658359,0.508374778,0.295657242,0.045713712,0.074066613,0.076187655
PBANKA_000190,17.5932535,0.282789934,0.149481448,0.047322941,0.465334624,0.055071053
PBANKA_000200,34.222306,0.21994003,0.178297307,0.043001193,0.520978919,0.03778255
PBANKA_000210,0,#DIV/0!,#DIV/0!,#DIV/0!,#DIV/0!,#DIV/0!
PBANKA_000220,139.4246413,0.20833516,0.075224436,0.690137691,0.005523794,0.020778919
PBANKA_000230,113.72273,0.341180255,0.425568837,0.120299609,0.074745831,0.038205467
PBANKA_000235,988.7883428,0.257550609,0.37113605,0.357756038,0.011666501,0.001890802
PBANKA_000240,10.98912567,0.06212123,0.114459106,0.1447809,0.643777787,0.034860978
PBANKA_000250,13.93774933,0.351226363,0.323885148,0.051758715,0.234371054,0.038758721
PBANKA_000260,2.1252695,0.45782429,0.298558606,0,0.146134408,0.097482696
PBANKA_000270,233.8442727,0.309592787,0.493412982,0.10369465,0.09047859,0.002820991
PBANKA_000280,0,#DIV/0!,#DIV/0!,#DIV/0!,#DIV/0!,#DIV/0!
PBANKA_000290,0.973369,0,0.547354087,0,0.452645913,0
PBANKA_000300,0,#DIV/0!,#DIV/0!,#DIV/0!,#DIV/0!,#DIV/0!
PBANKA_000310,20.26817283,0.542420133,0.362809221,0.026887969,0.049669425,0.018213252
PBANKA_000320,55.49946967,0.081268164,0.058556235,0.004863146,0.82992775,0.025384705
PBANKA_000330,26.08433043,0.069003746,0.143889835,0.050241293,0.717554934,0.019310192
PBANKA_000340,35.15835033,0.412184015,0.382910457,0.058694449,0.104390421,0.041820658
PBANKA_000350,339.16127,0.539810751,0.269821197,0.095627959,0.060103502,0.03463659
PBANKA_000360,15.811725,0.292863081,0.448461822,0.096453107,0.117020534,0.045201457
PBANKA_000370,30.957239,0.083570583,0.235392924,0.233193923,0.028136085,0.419706486
PBANKA_000378,201.829375,0.470505842,0.257607199,0.164945266,0.051247174,0.055694519
PBANKA_000380,149.987655,0.189894628,0.259278672,0.056589157,0.457906686,0.036330857
PBANKA_000390,30.98637867,0.16614978,0.256243883,0.499088815,0.054835546,0.023681976
PBANKA_000400,297.3132717,0.349663839,0.43670099,0.171872919,0.033360283,0.008401968
PBANKA_000410,1.662023,0.174918157,0.347926292,0.089003281,0.38815227,0
PBANKA_000420,32.11645633,0.439337075,0.333173277,0.151836023,0.053855412,0.021798212
PBANKA_000430,16.72189633,0.506941308,0.220966266,0.066974701,0.13209387,0.073023855
PBANKA_000440,8.495294833,0.061722402,0.149281458,0.705327492,0.005959004,0.077709644
PBANKA_000450,32.23413517,0.193787268,0.142508089,0.520384676,0.030937653,0.112382313
PBANKA_000460,6.569536667,0,0.175022998,0.216396539,0.196961379,0.411619084
PBANKA_000470,5.6625175,0.486219248,0.370895984,0.089258179,0.039283852,0.014342737
PBANKA_000480,248.2154483,0.138270403,0.170709157,0.661653016,0.018859281,0.010508143
PBANKA_000490,66.51619988,0.09622571,0.24610546,0.216588215,0.02067997,0.420400645
PBANKA_000500,61.15041833,0.506182964,0.212145728,0.221262509,0.040495389,0.01991341
PBANKA_000510,0,#DIV/0!,#DIV/0!,#DIV/0!,#DIV/0!,#DIV/0!
PBANKA_000520,367.1108533,0.253373468,0.093507587,0.16822303,0.166411043,0.318484873
PBANKA_000530,2.483094667,0.459690086,0.159537212,0.129113483,0.149641496,0.102017724
PBANKA_000540,7.182256167,0.187345587,0.375219839,0.104242522,0.255307658,0.077884394
PBANKA_000550,13.123872,0.256751437,0.287579001,0.151547805,0.148823076,0.15529868
PBANKA_000560,6.365162833,0.45170172,0.304108481,0.081801442,0.140111734,0.022276623
PBANKA_000570,2.879974667,0.442694866,0.375728131,0.060069278,0.082371384,0.03913634
PBANKA_000580,4.7116105,0.477682737,0.26265467,0.055781139,0.144868724,0.05901273
PBANKA_000590,369.1368477,0.55944917,0.269933497,0.163392656,0.006115754,0.001108924
PBANKA_000600,25.9449905,0.491576592,0.411298089,0.048315358,0.034799011,0.014010951
PBANKA_000610,2.3883125,0,0.880483605,0.050001413,0.069514982,0
PBANKA_000620,1.954491,0,0.940958541,0.030674483,0.028366976,0
PBANKA_000630,2.625854667,0.813495136,0.035665721,0.057366846,0.02653517,0.066937127
PBANKA_000640,2.411698333,0.311052585,0.246882038,0,0.220601803,0.221463574
PBANKA_000650,1.879499,0,0.595972118,0.310545789,0.093482093,0
PBANKA_000660,4.8390035,0,0.768281114,0.128790463,0.102928423,0
PBANKA_000670,5.1652995,0,0.637270888,0.304673524,0.058055588,0
PBANKA_000680,2.490024833,0,0.850493526,0.024119237,0.111793263,0.013593974
PBANKA_000690,2.101114,0,0.644512863,0.223792236,0.131694901,0
PBANKA_000700,4.1115685,0,0.793665483,0.054224683,0.152109834,0
PBANKA_000710,1.9756695,0,0.871019925,0.046635077,0.082344997,0
PBANKA_000720,2.9799475,0,0.720975789,0.14902578,0.129998431,0
PBANKA_000730,3.4783505,0.05034714,0.709353471,0.144838336,0.095461053,0
PBANKA_000740,2.602339,0,0.586083519,0.308389683,0.105526797,0
PBANKA_000750,2.7330745,0,0.582117319,0.160736379,0.257146302,0
PBANKA_000760,4.964778167,0,0.671781274,0.225848761,0.094371286,0.007998679
PBANKA_000770,1.648255,0,0.829471471,0.036225887,0.134302641,0
PBANKA_000780,2.8329525,0,0.788986049,0.093643822,0.117370129,0
PBANKA_000790,1.946085,0,1,0,0,0
PBANKA_000800,0,#DIV/0!,#DIV/0!,#DIV/0!,#DIV/0!,#DIV/0!
PBANKA_000810,2.086337,0,0.767685182,0.126316841,0.105997976,0
PBANKA_000820,2.5707865,0,0.696394664,0.195970572,0.107634765,0
PBANKA_000830,3.1297685,0,0.80091387,0.164732951,0.03435318,0
PBANKA_000840,1.666741,0,0.824540226,0.108786548,0.066673226,0
PBANKA_000850,2.470289167,0.07089251,0.761649699,0.13143016,0.02240264,0.013624991
PBANKA_000860,2.219695167,0.078895969,0.610081519,0.146268057,0.149591261,0.015163193
PBANKA_000870,2.1345855,0,0.744196004,0.152100021,0.103703974,0
PBANKA_000880,8.66629,0,1,0,0,0
PBANKA_000890,1.7784115,0,0.841951933,0.033574625,0.124473442,0
PBANKA_000900,2.0501175,0.085421933,0.752613204,0,0.161964863,0
PBANKA_000910,2.2488455,0.254083707,0.715584952,0,0.030331341,0
PBANKA_000920,0,#DIV/0!,#DIV/0!,#DIV/0!,#DIV/0!,#DIV/0!
PBANKA_000930,2.900989,0,0.63507135,0.264522892,0.100405758,0
PBANKA_000935,1.824886,0,0.759050154,0.111541488,0.129408358,0
PBANKA_000940,1.983663,0,0.754834365,0.133571579,0.111594056,0
PBANKA_000950,1.8742105,0,0.524500049,0.268805718,0.206694232,0
PBANKA_000960,3.960137,0,0.695171657,0.185052436,0.111298927,0.008476979
PBANKA_000970,3.330636,0,0.690040881,0.177032705,0.132926414,0
PBANKA_000980,0,#DIV/0!,#DIV/0!,#DIV/0!,#DIV/0!,#DIV/0!
PBANKA_000990,4.3778605,0.040002417,0.522010694,0.349498802,0.088488087,0
PBANKA_001000,2.5069735,0,0.802339953,0.085374257,0.11228579,0
PBANKA_001010,3.3859685,0,0.703735135,0.181854911,0.114409954,0
PBANKA_001020,2.618755667,0,0.696468183,0.176546062,0.111821429,0.015164327
PBANKA_001030,1.226358333,0.284416056,0.201706543,0.050617343,0.375074305,0.088185753
PBANKA_001040,1.998860167,0,0.840358935,0.059743549,0.083059087,0.01683843
PBANKA_001050,2.9686645,0.107004513,0.677619515,0.150374183,0.065001788,0
PBANKA_010005,55.4397655,0.206419894,0.546311835,0.091607621,0.154737307,0.000923344
PBANKA_010010,107.163825,0.128315222,0.593212308,0.077731315,0.17245605,0.028285105
PBANKA_010020,1089.361533,0.244750702,0.49009533,0.106437575,0.131310401,0.027405992
PBANKA_010030,250.115258,0.567516757,0.220280444,0.117471242,0.070090886,0.024640672
PBANKA_010040,433.30175,0.1219987,0.026072258,0.82168835,0.020572257,0.009668435
PBANKA_010050,376.57032,0.378275962,0.289145199,0.221626203,0.089537195,0.021415442
PBANKA_010060,2937.397277,0.154726943,0.090302051,0.709233312,0.034279156,0.011458537
PBANKA_010070,2016.58864,0.462006718,0.262073776,0.226697449,0.034515492,0.014706564
PBANKA_010080,144.3132167,0.196214184,0.139006326,0.169649742,0.37346129,0.121668459
PBANKA_010090,211.6466,0.400356065,0.236523762,0.088142451,0.078916458,0.196061264
PBANKA_010100,282.8044783,0.273455535,0.509680755,0.13467308,0.010313716,0.071876915
PBANKA_010110,57.926095,0.146905725,0.266606958,0.237195343,0.25281352,0.096478452
PBANKA_010120,138.8362783,0.159456521,0.286887192,0.192621484,0.022351471,0.338683332
PBANKA_010130,150.9294433,0.238854654,0.4562569,0.138395462,0.020956945,0.145536039
PBANKA_010140,223.71795,0.171833329,0.28421613,0.346972158,0.074492011,0.122486372
PBANKA_010150,595.9600167,0.078044162,0.032870158,0.056901888,0.785536759,0.046647033
PBANKA_010160,89.75491833,0.425895881,0.252874722,0.211700934,0.042102595,0.067425869
PBANKA_010170,196.8920167,0.177991981,0.225941106,0.191702034,0.242883134,0.161481746
PBANKA_010180,1073.799067,0.161887364,0.112401383,0.059747584,0.423683084,0.242280586
PBANKA_010190,239.5412,0.102297016,0.265180061,0.473290816,0.109470312,0.049761795
PBANKA_010200,133.43278,0.087997979,0.392692485,0.35585521,0.047262037,0.116192288
PBANKA_010210,256.7655333,0.290594688,0.144508492,0.114436115,0.319326932,0.131133774
PBANKA_010220,197.4344,0.443166439,0.316945527,0.082349378,0.074309492,0.083229164
PBANKA_010230,229.3102667,0.068121895,0.388681681,0.196885646,0.209829462,0.136481315
PBANKA_010240,22.76373667,0.090844708,0.375376201,0.189082533,0.246349933,0.098346625
PBANKA_010250,109.66053,0.085947332,0.356367054,0.186633696,0.230065913,0.140986005
PBANKA_010260,219.03277,0.069079389,0.027875829,0.347841786,0.096759722,0.458443273
PBANKA_010270,117.4870733,0.10659428,0.069010699,0.105899012,0.588397072,0.130098937
PBANKA_010280,111.7172333,0.185747976,0.352546772,0.188637862,0.131131067,0.141936323
PBANKA_010290,302.69397,0.057492886,0.00517635,0.797638949,0.109761354,0.029930461
PBANKA_010300,886.7689167,0.079228927,0.113962723,0.143338809,0.213246649,0.450222893
PBANKA_010310,119.3092333,0.151769477,0.344393714,0.19934375,0.110152413,0.194340645
PBANKA_010320,1659.938787,0.038908272,0.004334178,0.024900497,0.830325799,0.101531254
PBANKA_010330,506.67395,0.37628765,0.419373248,0.10997161,0.043687365,0.050680127
PBANKA_010340,234.0269333,0.085865117,0.288163841,0.104917839,0.19384115,0.327212053
PBANKA_010350,88.18222833,0.136379974,0.179909833,0.239192186,0.078455207,0.366062799
PBANKA_010360,42.30141,0.184350829,0.26668851,0.140159512,0.13699366,0.271807488
PBANKA_010370,607.2751167,0.068284784,0.452822769,0.101708103,0.224458398,0.152725946
PBANKA_010380,341.9144,0.09044252,0.469621929,0.108275492,0.057428555,0.274231504
PBANKA_010390,540.9483167,0.280334545,0.221121587,0.145533774,0.137509532,0.215500563
PBANKA_010400,414.4416333,0.061765754,0.16940757,0.172582685,0.352340326,0.243903665
PBANKA_010410,246.94905,0.070894786,0.085469655,0.179685648,0.529975718,0.133974194
PBANKA_010420,263.3195,0.061737547,0.109798173,0.129830491,0.407544827,0.291088962
PBANKA_010430,50.40348833,0.105947131,0.417424482,0.2342942,0.188803301,0.053530885
PBANKA_010440,66.75265167,0.097410138,0.023535694,0.248133963,0.577000299,0.053919905
PBANKA_010450,1701.953965,0.026982722,0.002599844,0.019352639,0.556493019,0.394571777
PBANKA_010460,222.7167933,0.049742814,0.378385701,0.220890617,0.07250733,0.278473538
PBANKA_010470,705.6183167,0.069914639,0.225864318,0.27695001,0.319084687,0.108186345
PBANKA_010480,180.81835,0.408987528,0.191823452,0.274765808,0.069981282,0.05444193
PBANKA_010490,627.0822833,0.343520309,0.374613518,0.104562753,0.074225028,0.103078392
PBANKA_010500,608.8749333,0.102279215,0.124498228,0.195292159,0.196868016,0.381062383
PBANKA_010510,2844.457857,0.03643675,0.002265121,0.017423232,0.914437876,0.029437021
PBANKA_010520,296.226475,0.332946101,0.281848711,0.216250421,0.023304045,0.145650722
PBANKA_010530,364.587735,0.148253342,0.169887777,0.074939575,0.020081956,0.586837349
PBANKA_010540,434.1726,0.148193253,0.40314497,0.317025994,0.054382865,0.077252917
PBANKA_010550,608.2815333,0.211748167,0.332395427,0.09264978,0.056242954,0.306963672
PBANKA_010560,549.0959617,0.461310987,0.405008442,0.0835252,0.01605101,0.034104361
PBANKA_010570,83.62345667,0.04297879,0.063563086,0.058384814,0.367957164,0.467116144
PBANKA_010580,247.51295,0.060612384,0.188149953,0.245687953,0.273281459,0.232268251
PBANKA_010590,176.4498833,0.083372682,0.18960823,0.325016934,0.30726175,0.094740405
PBANKA_010600,329.5191,0.077224052,0.218939813,0.37084345,0.160453673,0.172539012
PBANKA_010610,182.6424333,0.094462714,0.318114465,0.184861751,0.197096038,0.205465032
PBANKA_010620,98.87154,0.088228625,0.057239323,0.185173104,0.493022057,0.176336891
PBANKA_010630,445.8262567,0.117648746,0.010876412,0.459458134,0.370049986,0.041966722
PBANKA_010640,229.95116,0.092135652,0.147271273,0.102112118,0.023383487,0.63509747
PBANKA_010650,359.4725917,0.095376395,0.270588224,0.051032124,0.013519598,0.569483659
PBANKA_010660,205.0493067,0.111657534,0.398116684,0.135339155,0.039558729,0.315327897
PBANKA_010670,202.115455,0.088921453,0.416996315,0.164446356,0.03781554,0.291820336
PBANKA_010680,221.3185367,0.079758434,0.230334751,0.146139137,0.293969502,0.249798176
PBANKA_010690,212.8876333,0.140851066,0.371602139,0.238278284,0.144544563,0.104723947
PBANKA_010695,179.2016667,0.182376373,0.293574837,0.185431311,0.102445755,0.236171725
PBANKA_010700,2986.213883,0.035964788,0.093544371,0.13216267,0.126729201,0.611598969
PBANKA_010710,883.1703,0.098395915,0.583788314,0.205351108,0.0724392,0.040025463
PBANKA_010720,457.8582283,0.040284522,0.025401083,0.05351045,0.406407461,0.474396483
PBANKA_010730,717.9746333,0.138329748,0.645958058,0.117826517,0.043541789,0.054343888
PBANKA_010740,391.4434,0.072854977,0.449246302,0.269048986,0.113456377,0.095393357
PBANKA_010750,93.69613333,0.134873762,0.289852943,0.236688529,0.136724425,0.20186034
PBANKA_010760,125.3670183,0.229714325,0.285829164,0.415644008,0.021417236,0.047395267
PBANKA_010770,995.843,0.284550376,0.202690083,0.036484165,0.13266298,0.343612397
PBANKA_010780,162.85003,0.076555712,0.060213161,0.053382643,0.185126463,0.624722022
PBANKA_010790,337.9656667,0.090114331,0.073522409,0.26953729,0.087974469,0.478851501
PBANKA_010800,171.9612333,0.159953493,0.219377933,0.340757326,0.133107617,0.14680363
PBANKA_010810,50.89755667,0.101595741,0.078496204,0.218477089,0.3743942,0.227036766
PBANKA_010820,185.5756533,0.316436984,0.212815363,0.341319289,0.061508069,0.067920296
PBANKA_010830,1206.676843,0.047709542,0.003907848,0.37631492,0.494890163,0.077177526
PBANKA_010840,173.35915,0.089799702,0.296133778,0.396702164,0.112162525,0.105201831
PBANKA_010850,264.8447333,0.268636454,0.352031354,0.091039756,0.056052464,0.232239972
PBANKA_010860,411.39595,0.265960688,0.349512434,0.165649054,0.042665588,0.176212235
PBANKA_010870,597.5108667,0.217531776,0.308784342,0.097980059,0.081065388,0.294638435
PBANKA_010880,3784.707783,0.054509889,0.024117833,0.56898184,0.248760949,0.103629489
PBANKA_010890,606.3523033,0.212485381,0.595516003,0.106532951,0.055775743,0.029689923
PBANKA_010900,1473.430433,0.11352012,0.607394472,0.167787698,0.026658944,0.084638766
PBANKA_010910,887.3796167,0.099089384,0.431626435,0.131569283,0.041743859,0.295971038
PBANKA_010920,263.2226133,0.249695112,0.29496269,0.203131484,0.018874632,0.233336082
PBANKA_010930,417.3226333,0.135425078,0.12193827,0.499201297,0.152072869,0.091362486
PBANKA_010940,601.7255,0.051042876,0.371249847,0.325134966,0.10948032,0.143091991
PBANKA_010950,383.2737,0.100503635,0.459961119,0.197260339,0.141625162,0.100649745
PBANKA_010960,679.1898333,0.071989667,0.277752244,0.252177656,0.133466441,0.264613992
PBANKA_010970,256.5678667,0.246590701,0.27944653,0.210665703,0.177595506,0.085701561
PBANKA_010980,658.380485,0.057086595,0.00405994,0.039729914,0.8519686,0.047154952
PBANKA_010990,913.84682,0.076405037,0.00728122,0.262652334,0.617431705,0.036229704
PBANKA_011000,52589.255,0.385973332,0.277611843,0.09621224,0.046074336,0.194128249
PBANKA_011010,127.0736933,0.200050454,0.179233793,0.323878994,0.124750053,0.172086706
PBANKA_011020,421.61285,0.196309244,0.267423064,0.143829463,0.22738325,0.165054979
PBANKA_011030,3747.312583,0.124207546,0.013795153,0.750384425,0.0436753,0.067937576
PBANKA_011040,563.8012667,0.359675496,0.310524311,0.090213614,0.065059361,0.174527218
PBANKA_011050,250.8218667,0.100605144,0.098503971,0.683054481,0.088930843,0.028905561
PBANKA_011060,251.3043867,0.069393536,0.115111003,0.520941961,0.165801324,0.128752176
PBANKA_011070,294.5094333,0.043768547,0.06209122,0.245807067,0.584093345,0.064239821
PBANKA_011080,3921.186067,0.030643802,0.004720179,0.020260872,0.752292788,0.192082358
PBANKA_011090,344.1520133,0.132348347,0.139684204,0.031322438,0.29335772,0.403287292
PBANKA_011100,566.5204783,0.075353145,0.027459378,0.722111584,0.019272816,0.155803076
PBANKA_011110,414.4561167,0.093752748,0.097726269,0.100269964,0.03589596,0.672355059
PBANKA_011120,554.1246333,0.344219492,0.184010498,0.06953174,0.064813578,0.337424691
PBANKA_011130.1,678.2041667,0.032792116,0.632072938,0.127151313,0.103548759,0.104434874
PBANKA_011130.2,556.3840859,0.024639676,0.536303082,0.107293597,0.168603313,0.163160333
PBANKA_011140,4115.6455,0.128669245,0.131401137,0.165005222,0.288120053,0.286804342
PBANKA_011150,2484.411167,0.08925133,0.178973797,0.204092828,0.332058361,0.195623685
PBANKA_011160,343.8936617,0.053609595,0.013762815,0.694048849,0.03131215,0.20726659
PBANKA_011170,487.6196333,0.066950955,0.169794845,0.228825897,0.351981315,0.182446988
PBANKA_011180,213.4074833,0.206263854,0.304052599,0.20621395,0.086967897,0.1965017
PBANKA_011185,1.20932,0,0.639881917,0.268360318,0.091757765,0
PBANKA_011190,263.3356,0.080889747,0.114718063,0.430659774,0.077285601,0.296446815
PBANKA_011200,434.5577833,0.144432691,0.143403484,0.107473279,0.039522132,0.565168414
PBANKA_011210,466.8201733,0.061707059,0.005711182,0.908148414,0.013259014,0.011174331
PBANKA_011220,232.1230017,0.110493897,0.011054893,0.666077894,0.00535115,0.207022166
PBANKA_011230,202.4524933,0.057243405,0.100074095,0.519198348,0.035665849,0.287818304
PBANKA_011240,243.4395417,0.241245525,0.152581621,0.119637097,0.043035223,0.443500534
PBANKA_011250,307.0275333,0.389808362,0.239759442,0.19853594,0.052567435,0.11932882
PBANKA_011260,612.2232733,0.397380352,0.417162351,0.165023864,0.013031471,0.007401962
PBANKA_020010,4.4918115,0.471695662,0.376898051,0.018966067,0.086851708,0.045588511
PBANKA_020020,200.0373067,0.439038105,0.220091446,0.124098901,0.062191649,0.154579899
PBANKA_020030,6.670147,0.214505617,0.136591742,0.272338826,0.172356771,0.204207044
PBANKA_020035,1.0492925,0.15182087,0.739525442,0.108653688,0,0
PBANKA_020040,566.90109,0.451435011,0.134375293,0.242505267,0.092843092,0.078841337
PBANKA_020050,58.80294233,0.514019857,0.231319207,0.174860808,0.054162341,0.025637787
PBANKA_020060,734.3935,0.387955503,0.226431062,0.13306252,0.151420934,0.10112998
PBANKA_020065,17.0898345,0.251731519,0.334453795,0.22768155,0.018510097,0.167623039
PBANKA_020067,3.313186917,0.456524198,0.425559902,0.013957845,0.051486229,0.052471826
PBANKA_020070,99.34234333,0.424097103,0.445640786,0.071018508,0.028005128,0.031238475
PBANKA_020080,88.15079017,0.538090355,0.231653057,0.166309513,0.046382097,0.017564978
PBANKA_020090,46.6191855,0.098014046,0.256159559,0.270762989,0.034184435,0.340878971
PBANKA_020100,196.117525,0.431027773,0.441617851,0.079881948,0.023843433,0.023628995
PBANKA_020105,0.2796925,0,0.597819033,0.203813116,0.19836785,0
PBANKA_020110,7.583255667,0.226099722,0.234669656,0,0.481568229,0.057662393
PBANKA_020120,42.99040667,0.378847661,0.202917597,0.16975043,0.200504384,0.047979929
PBANKA_020125,333.7774367,0.250964388,0.30417874,0.391257124,0.026832161,0.026767587
PBANKA_020130,178.3696167,0.245090789,0.185873584,0.477660386,0.036437203,0.054938037
PBANKA_020134,1891.2178,0.168845175,0.459972141,0.250560512,0.107878902,0.012743271
PBANKA_020136,13.08122737,0.413033949,0.361860158,0.119696719,0.091535447,0.013873726
PBANKA_020140,45.862073,0.253724684,0.459675035,0.166805914,0.067351513,0.052442854
PBANKA_020145,62.52351333,0.064860878,0.638629339,0.213105427,0.070410791,0.012993565
PBANKA_020150,1648.572857,0.412881661,0.334014355,0.223666487,0.011720289,0.017717207
PBANKA_020160,13565.8745,0.218298496,0.297549929,0.419715662,0.031555688,0.032880225
PBANKA_020170,25055.9249,0.000960677,0.001578377,0.000793241,0.012127451,0.984540254
PBANKA_020180,178.4283967,0.053479016,0.618385313,0.063621908,0.071408477,0.193105287
PBANKA_020190,1755.7924,0.058608808,0.274859944,0.07055931,0.260597437,0.335374501
PBANKA_020200,341.6975,0.240667403,0.354897241,0.102636104,0.142868034,0.158931218
PBANKA_020210,137.7100067,0.204387108,0.389529064,0.125533724,0.185445492,0.095104611
PBANKA_020220,177.74065,0.155666416,0.434998409,0.129598097,0.177188786,0.102548292
PBANKA_020230,290.5696,0.332339825,0.302815745,0.120107713,0.182608745,0.062127972
PBANKA_020240,198.1506167,0.074083292,0.057222633,0.344181114,0.084235418,0.440277543
PBANKA_020250,224.3542667,0.124122667,0.089737317,0.388595017,0.33591182,0.061633179
PBANKA_020260,262.9005817,0.083948464,0.166507239,0.048125093,0.331383253,0.370035951
PBANKA_020270,57.75646833,0.089121879,0.181647187,0.2332189,0.408980166,0.087031868
PBANKA_020280,201.06531,0.241373562,0.381473065,0.115784518,0.136261198,0.125107658
PBANKA_020290,388.5132833,0.217759736,0.226995328,0.090348005,0.08769121,0.377205721
PBANKA_020300,1509.1885,0.09337601,0.334623541,0.372317308,0.151542369,0.048140772
PBANKA_020310,270.0218167,0.217617416,0.263427233,0.275746793,0.084844811,0.158363747
PBANKA_020320,161.11618,0.317514355,0.308420917,0.241808427,0.065509249,0.066747052
PBANKA_020330,310.34405,0.325330226,0.245572615,0.143196075,0.076758681,0.209142402
PBANKA_020340,768.1556533,0.026304656,0.10446841,0.060053584,0.056607993,0.752565357
PBANKA_020350,292.29865,0.071528897,0.202714929,0.128125806,0.103601402,0.494028967
PBANKA_020360,1004.097883,0.050934476,0.047273479,0.05483574,0.640781652,0.206174654
PBANKA_020370,258.604555,0.048753801,0.149995038,0.366698297,0.164905255,0.269647609
PBANKA_020380,393.8501667,0.336177844,0.358305041,0.170204067,0.058676883,0.076636166
PBANKA_020390,638.23105,0.207617602,0.161112108,0.233699066,0.1997999,0.197771324
PBANKA_020400,215.9097017,0.134224399,0.606424811,0.0676716,0.09641878,0.09526041
PBANKA_020410,2052.230067,0.117869826,0.173488833,0.036251345,0.039213586,0.63317641
PBANKA_020420,575.7327833,0.075681117,0.197089784,0.175331513,0.402375905,0.149521681
PBANKA_020430,139.7673483,0.089612954,0.119757942,0.121282976,0.541060562,0.128285566
PBANKA_020440,377.5383,0.18619197,0.309759301,0.145867188,0.255146961,0.10303458
PBANKA_020450,299.29153,0.060731922,0.020279825,0.120013754,0.608787693,0.190186805
PBANKA_020460,2840.694715,0.030989039,0.001619433,0.12565377,0.066189091,0.775548667
PBANKA_020470,488.4281167,0.129835584,0.161134663,0.119097873,0.112797868,0.477134012
PBANKA_020480,489.3541167,0.217130594,0.175188676,0.159057618,0.043211857,0.405411255
PBANKA_020490,215.8044,0.094455674,0.346715822,0.219042336,0.141152127,0.198634041
PBANKA_020500,4532.595167,0.557853703,0.071352611,0.072297324,0.043542494,0.254953867
PBANKA_020510,274.6726667,0.351940916,0.155079137,0.11870748,0.173819807,0.20045266
PBANKA_020520,610.6769167,0.257285802,0.269845634,0.290158339,0.039405534,0.143304691
PBANKA_020530,113.2721033,0.138495707,0.432301057,0.158744735,0.121118083,0.149340419
PBANKA_020540,768.39105,0.094392692,0.476239279,0.208129702,0.06499913,0.156239196
PBANKA_020550,175.9575,0.350073171,0.186230482,0.111656508,0.079014251,0.273025589
PBANKA_020560,65.706315,0.201346705,0.437296628,0.110354918,0.097981602,0.153020147
PBANKA_020570,60.08312667,0.050748274,0.526931632,0.081408297,0.026070214,0.314841582
PBANKA_020580,148.2461317,0.124476368,0.066338493,0.092485381,0.321370949,0.395328809
PBANKA_020590,481.7415167,0.31739739,0.238639802,0.317490801,0.056676971,0.069795036
PBANKA_020600,1113.15185,0.065691891,0.248497094,0.404648746,0.21156817,0.069594099
PBANKA_020610,196.5139333,0.067337719,0.346935959,0.152482318,0.151998637,0.281245367
PBANKA_020620,203.0626267,0.059143872,0.503872877,0.139064241,0.175731254,0.122187756
PBANKA_020630,1320.599917,0.09835352,0.082395734,0.444659274,0.274824718,0.099766754
PBANKA_020640,106.6083167,0.101970469,0.196193418,0.226604741,0.230911159,0.244320213
PBANKA_020650,494.2783833,0.078449617,0.250970211,0.489493387,0.130266571,0.050820214
PBANKA_020660,249.6159433,0.484345464,0.247163499,0.132818239,0.016953885,0.118718912
PBANKA_020670,83.96580167,0.160437342,0.108932623,0.12175445,0.471449081,0.137426505
PBANKA_020680,117.8016767,0.093945522,0.180167639,0.317956425,0.131923419,0.276006994
PBANKA_020690,308.5610883,0.277339896,0.285627557,0.023337405,0.069616523,0.34407862
PBANKA_020700,446.4913667,0.146663082,0.395905751,0.267234059,0.108092796,0.082104312
PBANKA_020710,267.1558133,0.071865739,0.018783271,0.384785563,0.469549955,0.055015473
PBANKA_020720,323.74415,0.236214461,0.356954713,0.13257506,0.187329099,0.086926667
PBANKA_020730,181.6282083,0.118493158,0.108030301,0.342909015,0.054683549,0.375883977
PBANKA_020740,93.96155667,0.092868193,0.22995628,0.26103069,0.260845508,0.155299329
PBANKA_020750,226.8446433,0.108718679,0.063263561,0.625161335,0.134626939,0.068229486
PBANKA_020760,111.282565,0.03268459,0.121277758,0.074686273,0.105148996,0.666202383
PBANKA_020770,166.4351283,0.093481497,0.266179985,0.09113701,0.045952378,0.503249129
PBANKA_020780,85.57535067,0.118055315,0.553418124,0.236228655,0.069540761,0.022757145
PBANKA_020790,610.6498983,0.043915016,0.008610277,0.635819315,0.094866142,0.21678925
PBANKA_020800,819.5053667,0.078617545,0.065742706,0.545990933,0.223279197,0.086369619
PBANKA_020810,416.1018,0.219503737,0.298720169,0.137225914,0.11416401,0.23038617
PBANKA_020820,813.2738667,0.107225811,0.201094006,0.337505004,0.130900247,0.223274931
PBANKA_020830,341.57645,0.107505216,0.203947462,0.478045252,0.140082696,0.070419375
PBANKA_020840,158.5625767,0.058310133,0.050502616,0.07849349,0.358063997,0.454629763
PBANKA_020850,88.10231667,0.146301147,0.409654949,0.060264931,0.214529546,0.169249428
PBANKA_020860,266.54945,0.137662449,0.326298741,0.069086243,0.14305807,0.323894497
PBANKA_020870,443.61309,0.34266685,0.410816326,0.114461005,0.071201686,0.060854133
PBANKA_020880,478.6103267,0.290806199,0.24674875,0.353242483,0.016178736,0.093023832
PBANKA_020890,570.275655,0.099826723,0.006790497,0.569184389,0.031550444,0.292647948
PBANKA_020900,153.1563652,0.077342199,0.007164466,0.670721063,0.058833761,0.185938512
PBANKA_020910,1285.194205,0.02404123,0.001638044,0.154497273,0.038812305,0.781011147
PBANKA_020920,354.8345667,0.096296847,0.26776464,0.206003464,0.105092213,0.324842835
PBANKA_020930,901.439595,0.049140564,0.004040864,0.1009173,0.576969886,0.268931386
PBANKA_020940,247.5499933,0.076121998,0.342403564,0.123298933,0.347795,0.110380505
PBANKA_020950,309.2255833,0.296283377,0.250440307,0.09286101,0.075149021,0.285266285
PBANKA_020960,55.44806167,0.060766777,0.293018358,0.120383198,0.259618633,0.266213033
PBANKA_020970,381.4060017,0.010858259,0.02636803,0.017121742,0.026022323,0.919629647
PBANKA_020980,201.58301,0.069124824,0.091742107,0.058241664,0.014381371,0.766510035
PBANKA_020990,241.0468167,0.170276258,0.527544822,0.113607391,0.052133026,0.136438502
PBANKA_021000,165.1456167,0.125440205,0.277879613,0.281692914,0.175327693,0.139659575
PBANKA_021010,125.6726633,0.065670407,0.021715582,0.387891437,0.328712298,0.196010275
PBANKA_021020,463.3106667,0.304479284,0.27599084,0.073299197,0.195873539,0.15035714
PBANKA_021030,131.6455483,0.076649535,0.077906508,0.230301749,0.29073296,0.324409248
PBANKA_021040,229.41545,0.094813797,0.197464905,0.332374302,0.153847529,0.221499467
PBANKA_021050,74.97751333,0.139319038,0.374768364,0.392761759,0.063039234,0.030111606
PBANKA_021060,342.5609667,0.147085205,0.568377658,0.163789531,0.063205537,0.057542069
PBANKA_021070,167.15895,0.071368599,0.394736267,0.391374198,0.093215469,0.049305466
PBANKA_021080,663.1434833,0.206202735,0.35391285,0.313425383,0.045521747,0.080937285
PBANKA_021090,521.4110933,0.240462855,0.416733558,0.163597977,0.051148221,0.128057389
PBANKA_021100,157.32475,0.310614191,0.288733337,0.119157666,0.143848314,0.137646492
PBANKA_021110,117.9230617,0.151177808,0.196464115,0.295374794,0.041599963,0.31538332
PBANKA_021120,74.47264333,0.193794585,0.288865133,0.182752342,0.08700799,0.24757995
PBANKA_021130,309.9427667,0.113838275,0.193897088,0.144161616,0.076329899,0.471773122
PBANKA_021140,140.8815583,0.073803663,0.460766482,0.167671342,0.082975729,0.214782784
PBANKA_021150,837.1352,0.097751415,0.455363721,0.158413659,0.051224103,0.237247102
PBANKA_021160,135.5994167,0.157450899,0.251349533,0.19492488,0.17157854,0.224696149
PBANKA_021170,49.21205833,0.13772275,0.318949268,0.118409699,0.285505229,0.139413054
PBANKA_021180,89.9153,0.163193027,0.426344015,0.233126064,0.093413357,0.083923537
PBANKA_021190,148.3371933,0.204404906,0.357375644,0.314046996,0.069357184,0.05481527
PBANKA_021200,71.34126833,0.357325439,0.127662785,0.3186767,0.083321759,0.113013316
PBANKA_021210,1501.046467,0.353759535,0.346490273,0.123259342,0.073486732,0.103004118
PBANKA_021220,79.80875667,0.075926255,0.425170137,0.387257004,0.030258584,0.08138802
PBANKA_021230,105.3754833,0.129612217,0.332321607,0.209274485,0.196049872,0.132741819
PBANKA_021240,283.3884,0.080341503,0.483694816,0.141638825,0.140171051,0.154153804
PBANKA_021250,365.843085,0.049700912,0.274649581,0.109120554,0.331512348,0.235016606
PBANKA_021260,251.8769983,0.041944084,0.044992159,0.028536647,0.712474744,0.172052365
PBANKA_021270,120.3043683,0.071703839,0.366332084,0.121104081,0.117697721,0.323162275
PBANKA_021280,221.20465,0.05362975,0.060516133,0.616065259,0.204995013,0.064793846
PBANKA_021290,303.5208933,0.042401068,0.297060769,0.203054555,0.072542288,0.38494132
PBANKA_021300,288.4122667,0.285432034,0.342968769,0.132997811,0.181610861,0.056990526
PBANKA_021310,573.3785,0.264080359,0.397705006,0.143459076,0.150638801,0.044116757
PBANKA_021320,155.7093633,0.092111577,0.225655987,0.591279471,0.052980276,0.03797269
PBANKA_021330,142.20413,0.381869711,0.314241928,0.166247984,0.109576986,0.02806339
PBANKA_021340,310.3980017,0.42065477,0.192796828,0.061949014,0.021248317,0.303351072
PBANKA_021350,528.3341,0.311463901,0.114247311,0.034482726,0.125346727,0.414459335
PBANKA_021360,145.6964833,0.230107476,0.213551826,0.325394264,0.092201608,0.138744827
PBANKA_021370,513.01655,0.130632335,0.197282134,0.093752141,0.258991645,0.319341744
PBANKA_021380,172.1674033,0.055253084,0.052276969,0.243170596,0.440098117,0.209201235
PBANKA_021390,505.7696567,0.065313032,0.017611555,0.271781726,0.552670561,0.092623126
PBANKA_021400,23.91950483,0.078827761,0.034852206,0.205952842,0.206529568,0.473837624
PBANKA_021410,445.2957367,0.250020247,0.338563762,0.049206737,0.122401127,0.239808127
PBANKA_021420,143.69577,0.263215125,0.527015165,0.094881359,0.050068071,0.06482028
PBANKA_021430,183.8122533,0.291037453,0.332468042,0.23793898,0.097396118,0.041159407
PBANKA_021440,307.5463233,0.086282612,0.493442738,0.33411926,0.050826002,0.035329388
PBANKA_021450,421.6536167,0.085123069,0.119747105,0.47178298,0.279721305,0.04362554
PBANKA_021455,355.7933767,0.194184756,0.572616056,0.173499857,0.053508304,0.006191028
PBANKA_021460,267.110937,0.477367761,0.300007933,0.180982668,0.022410314,0.019231324
PBANKA_021470,1756.335233,0.288005097,0.302451087,0.312222854,0.066319059,0.031001902
PBANKA_021480,897.3544333,0.443360489,0.111912413,0.11990045,0.28675793,0.038068719
PBANKA_021490,119.1731917,0.487078505,0.17080813,0.119658623,0.022643557,0.199811185
PBANKA_021500,84.012531,0.049267174,0.560500909,0.23086675,0.150425179,0.008939988
PBANKA_021510,69.18667867,0.885098131,0.046839075,0.038352181,0.029043019,0.000667595
PBANKA_021520,65.503993,0.071637083,0.067711597,0.854552485,0.001988291,0.004110543
PBANKA_021530,54.99030267,0.059646789,0.044230344,0.892180032,0.001723831,0.002219003
PBANKA_021540,82.81948333,0.020381617,0.720667379,0.18618928,0.043024719,0.029737004
PBANKA_021550,218.1920056,0.293106011,0.581975951,0.107763572,0.007703925,0.009450541
PBANKA_021555,58.55511,0.383176635,0.213830185,0.161073901,0.080827275,0.161092004
PBANKA_021560,303.0627917,0.721625538,0.205405618,0.04738622,0.010014839,0.015567786
PBANKA_021570,15.807954,0.458013415,0.311196186,0.076720745,0.135577634,0.01849202
PBANKA_021580,191.0610907,0.327644942,0.493971324,0.151922351,0.014902145,0.011559238
PBANKA_021590,2.982070333,0.294450634,0.463815519,0.109355905,0.076065275,0.056312667
PBANKA_021600,33.12041583,0.123367563,0.124511797,0.557466431,0.084528981,0.110125228
PBANKA_021610,13.91386783,0.311620036,0.423962271,0.04432646,0.209212207,0.010879026
PBANKA_021620,1.6341845,0.357242404,0.347221504,0.200511631,0.09502446,0
PBANKA_030010,3.108091333,0.08636651,0.209340695,0.621164339,0.048752267,0.034376188
PBANKA_030020,12.610408,0.566589915,0.321864289,0.029801494,0.06953748,0.012206822
PBANKA_030030,81.076736,0.449448902,0.273495223,0.041596704,0.222532392,0.012926778
PBANKA_030040,8.378356133,0.57915478,0.162432102,0.010686345,0.148352491,0.099374283
PBANKA_030050,42.35087933,0.59253079,0.304969701,0.022438991,0.05723671,0.022823808
PBANKA_030060,737.39655,0.506283898,0.30234953,0.107986266,0.052198983,0.031181323
PBANKA_030070,223.6376833,0.112504072,0.076917493,0.39508525,0.103750404,0.311742781
PBANKA_030080,114.0143183,0.080805684,0.366901724,0.249032318,0.171210075,0.132050198
PBANKA_030090,227.52275,0.054999555,0.395823714,0.189221737,0.304586025,0.055368969
PBANKA_030100,313.3445667,0.181726304,0.205979477,0.454033722,0.086626682,0.071633815
PBANKA_030110,422.81865,0.175100365,0.176893214,0.233681509,0.310630811,0.103694101
PBANKA_030120,318.67213,0.086216827,0.223058414,0.287667767,0.356292532,0.04676446
PBANKA_030130,19528.96817,0.050667833,0.053908429,0.078049695,0.538566857,0.278807186
PBANKA_030140,223.7376133,0.042500275,0.550803677,0.107041456,0.246492752,0.053161841
PBANKA_030150,336.7233133,0.54129813,0.195463745,0.049217115,0.027011287,0.187009722
PBANKA_030160,2318.044167,0.04099154,0.005369376,0.023959358,0.782215467,0.14746426
PBANKA_030170,147.8459783,0.066139743,0.284199817,0.14881974,0.302668023,0.198172677
PBANKA_030180,74.065725,0.070245718,0.038243736,0.141559473,0.527500406,0.222450668
PBANKA_030190,176.42014,0.14204274,0.145306256,0.387914328,0.065714436,0.259022241
PBANKA_030200,1143.008267,0.272742559,0.162156308,0.274129251,0.192786007,0.098185875
PBANKA_030210,272.0902333,0.093619494,0.113263345,0.102823794,0.114472135,0.575821232
PBANKA_030220,413.83865,0.038394432,0.091978359,0.11145032,0.19728196,0.560894928
PBANKA_030230,266.7568333,0.448050191,0.182566832,0.074992643,0.104166029,0.190224305
PBANKA_030240,105.4355967,0.215211472,0.231237843,0.157748432,0.189131571,0.206670682
PBANKA_030250,1441.7874,0.173648001,0.280967568,0.250994356,0.062029187,0.232360888
PBANKA_030260,262.57791,0.053153824,0.094724457,0.039660762,0.703659725,0.108801232
PBANKA_030270,121.5144217,0.067477546,0.51174255,0.079282688,0.134256904,0.207240312
PBANKA_030280,59.370095,0.111291973,0.220726445,0.225672538,0.395721112,0.046587933
PBANKA_030290,137.9063173,0.073247478,0.003178201,0.049328777,0.835172037,0.039073506
PBANKA_030300,50.6056235,0.070046464,0.018957942,0.08838326,0.616364306,0.206248027
PBANKA_030310,372.3869333,0.20138314,0.392738002,0.154949314,0.086433887,0.164495657
PBANKA_030320,780.3930667,0.177037067,0.296408963,0.201686825,0.052761104,0.27210604
PBANKA_030330,281.76645,0.073778124,0.225254284,0.269987254,0.36159557,0.069384769
PBANKA_030340,562.6677167,0.119125903,0.197818796,0.393009041,0.195627893,0.094418366
PBANKA_030350,1071.957617,0.034806973,0.033275429,0.128471031,0.440365825,0.363080742
PBANKA_030360,833.5848833,0.146299438,0.341617279,0.263193952,0.052647608,0.196241722
PBANKA_030370,232.4639833,0.122355298,0.282209093,0.344949565,0.101433132,0.149052911
PBANKA_030380,360.4499333,0.075804703,0.088477059,0.341154731,0.271200355,0.223363152
PBANKA_030390,694.5223833,0.044539745,0.02507565,0.180490223,0.129913884,0.619980498
PBANKA_030400,83.03201333,0.128856143,0.437372268,0.119273634,0.100427108,0.214070846
PBANKA_030410,247.81955,0.082671646,0.10713037,0.051650889,0.065672381,0.692874715
PBANKA_030420,613.0765333,0.310654526,0.213248254,0.034765562,0.072824921,0.368506738
PBANKA_030430,153.5205883,0.277773493,0.302644098,0.056386378,0.033052472,0.330143558
PBANKA_030440,856.4083167,0.121108294,0.108441439,0.60983177,0.071137504,0.089480993
PBANKA_030450,259.7300833,0.0589666,0.07184805,0.258345699,0.072852939,0.537986711
PBANKA_030460,177.1276217,0.128713973,0.220677609,0.088450095,0.209238964,0.352919359
PBANKA_030470,7.828285167,0.105726923,0.204843074,0.168325817,0.117855377,0.403248809
PBANKA_030480,578.4946767,0.099036694,0.076416779,0.799175029,0.015971677,0.009399821
PBANKA_030490,1092.732847,0.184777094,0.177338862,0.593689484,0.021192417,0.023002143
PBANKA_030500,3061.337538,0.083488017,0.008658307,0.898061702,0.004821945,0.004970029
PBANKA_030510,2336.97222,0.099909403,0.010336323,0.873773758,0.008011328,0.007969188
PBANKA_030520,146.672205,0.069069903,0.34371543,0.220346452,0.032876509,0.333991706
PBANKA_030530,482.0032,0.284421971,0.140057058,0.045005718,0.061290153,0.469225101
PBANKA_030540,156.3176833,0.274427685,0.243452943,0.210717043,0.068381579,0.20302075
PBANKA_030550,66.92750833,0.100163523,0.265138363,0.166730098,0.170349984,0.297618032
PBANKA_030560,176.435245,0.051199833,0.418161349,0.402076977,0.085129533,0.043432309
PBANKA_030570,360.7936333,0.058921633,0.196839948,0.2874477,0.092561362,0.364229358
PBANKA_030580,381.73385,0.162786847,0.353143951,0.120855931,0.148053939,0.215159332
PBANKA_030590,461.54565,0.188522089,0.268192323,0.078032151,0.330529602,0.134723835
PBANKA_030600,30.17385,0.127010971,0.103680836,0.152950651,0.512385725,0.103971817
PBANKA_030610,18.59291333,0.115705912,0.08151708,0.259481121,0.476508971,0.066786916
PBANKA_030620,202.8368167,0.27024729,0.349735818,0.122722543,0.065014331,0.192280018
PBANKA_030630,383.6108667,0.225693685,0.337198477,0.142680916,0.040286659,0.254140263
PBANKA_030640,186.0507,0.246038849,0.320961706,0.080248556,0.164127574,0.188623316
PBANKA_030650,283.86025,0.056837652,0.374948588,0.176536518,0.162486998,0.229190244
PBANKA_030660,370.4004852,0.030734301,0.002603583,0.049041377,0.272422699,0.645198039
PBANKA_030670,290.31692,0.082046716,0.013375934,0.840998175,0.019945134,0.04363404
PBANKA_030680,2073.42175,0.223685557,0.324657779,0.09198418,0.031619592,0.328052891
